1.270988760608572805e-02 0.000000000000000000e+00 -1.433078640132669050e-02
1.309225951067376388e-02 0.000000000000000000e+00 -1.545984036685545474e-02
1.332694649141421932e-02 0.000000000000000000e+00 -1.651790551048522987e-02
1.371111805367103594e-02 0.000000000000000000e+00 -1.774379983416251791e-02
1.409409617049052141e-02 0.000000000000000000e+00 -1.908123789235639800e-02
1.451528284589449248e-02 0.000000000000000000e+00 -2.060233694255992482e-02
1.491803644422515403e-02 0.000000000000000000e+00 -2.225063062867480707e-02
1.526279009777408054e-02 0.000000000000000000e+00 -2.398438443935926867e-02
1.555357314077340618e-02 0.000000000000000000e+00 -2.582480068656716268e-02
1.571893356512890291e-02 0.000000000000000000e+00 -2.766532307462686580e-02
1.583329492298608115e-02 0.000000000000000000e+00 -2.964531815367606529e-02
1.575676516056083443e-02 0.000000000000000000e+00 -3.151353032112166885e-02
1.567119705306114358e-02 0.000000000000000000e+00 -3.207128699231117513e-02
1.542333054790665826e-02 0.000000000000000000e+00 -3.393132720539464992e-02
1.518333442514699372e-02 0.000000000000000000e+00 -3.611171430845771385e-02
1.502396453731343409e-02 0.000000000000000000e+00 -3.672524664676617145e-02
1.446219137313432823e-02 0.000000000000000000e+00 -3.856584366169154426e-02
1.377492295793758363e-02 0.000000000000000000e+00 -4.040644067661691707e-02
1.288547542339953111e-02 0.000000000000000000e+00 -4.199710508367254791e-02
1.185793972382811687e-02 0.000000000000000000e+00 -4.347911232070309634e-02
1.070842492679259170e-02 0.000000000000000000e+00 -4.487339969322609590e-02
9.423918058005428464e-03 0.000000000000000000e+00 -4.607248828358209009e-02
8.039025107821281407e-03 0.000000000000000000e+00 -4.716228063255152592e-02
6.545304695677456666e-03 0.000000000000000000e+00 -4.799890110163468337e-02
4.986616111958185917e-03 0.000000000000000000e+00 -4.875802420581337032e-02
3.435606206822418036e-03 0.000000000000000000e+00 -4.921324137824840267e-02
1.852586568910500556e-03 0.000000000000000000e+00 -4.960272354892205499e-02
2.430770565678141439e-04 0.000000000000000000e+00 -4.974600227434257393e-02
-0.000000000000000000e+00 0.000000000000000000e+00 -4.971174285714285296e-02
-2.427422486269987373e-04 0.000000000000000000e+00 -4.967748343994313892e-02
-1.845358056545859859e-03 0.000000000000000000e+00 -4.940918123003106704e-02
-3.427037925964732806e-03 0.000000000000000000e+00 -4.909050528782903794e-02
-4.975514882378804897e-03 0.000000000000000000e+00 -4.864947884992609078e-02
-6.536234776649110616e-03 0.000000000000000000e+00 -4.793238836209347958e-02
-8.028468974373420899e-03 0.000000000000000000e+00 -4.710035131632407668e-02
-9.434516358205231532e-03 0.000000000000000000e+00 -4.612430219567002082e-02
-1.069060211839814242e-02 0.000000000000000000e+00 -4.479871363900173736e-02
-1.182970352534846482e-02 0.000000000000000000e+00 -4.337557959294437160e-02
-1.284169480572344875e-02 0.000000000000000000e+00 -4.185441270013568610e-02
-1.371090400579745919e-02 0.000000000000000000e+00 -4.021865175033921547e-02
-1.442942738301682820e-02 0.000000000000000000e+00 -3.847847302137821085e-02
-1.496301612391513769e-02 0.000000000000000000e+00 -3.657626163623699939e-02
-1.511487127113192094e-02 0.000000000000000000e+00 -3.594888302323267365e-02
-1.548488508373622487e-02 0.000000000000000000e+00 -3.406674718421969644e-02
-1.570838440637720851e-02 0.000000000000000000e+00 -3.214739134328358644e-02
-1.574664721393034816e-02 0.000000000000000000e+00 -3.149329442786069633e-02
-1.574791539235639859e-02 0.000000000000000000e+00 -2.948545860696517515e-02
-1.568072688828584665e-02 0.000000000000000000e+00 -2.759807932338308525e-02
-1.551302911759384721e-02 0.000000000000000000e+00 -2.575748230845770897e-02
-1.521984270040972753e-02 0.000000000000000000e+00 -2.391689567207242947e-02
-1.480132758793787848e-02 0.000000000000000000e+00 -2.207655640234802361e-02
-1.441477479400518277e-02 0.000000000000000000e+00 -2.045968035278154795e-02
-1.403314719395446983e-02 0.000000000000000000e+00 -1.899872235489220504e-02
-1.371112546057590836e-02 0.000000000000000000e+00 -1.774380941956882340e-02
-1.341590995922797673e-02 0.000000000000000000e+00 -1.662817009031073226e-02
-1.306077805523429142e-02 0.000000000000000000e+00 -1.542266586117034023e-02
-1.268230096025463847e-02 0.000000000000000000e+00 -1.429968161573086025e-02
-1.223085709126714611e-02 0.000000000000000000e+00 -1.319499110005527276e-02
-1.223085709126714611e-02 0.000000000000000000e+00 -1.319499110005527276e-02
-1.223085709126714611e-02 0.000000000000000000e+00 -1.319499110005527276e-02
-1.223085709126714611e-02 0.000000000000000000e+00 -1.319499110005527276e-02
-1.223085709126714611e-02 0.000000000000000000e+00 -1.319499110005527276e-02
-1.223085709126714611e-02 0.000000000000000000e+00 -1.319499110005527276e-02
-1.223085709126714611e-02 0.000000000000000000e+00 -1.319499110005527276e-02
-1.223085709126714611e-02 0.000000000000000000e+00 -1.319499110005527276e-02
-1.223085709126714611e-02 0.000000000000000000e+00 -1.319499110005527276e-02
-1.223085709126714611e-02 0.000000000000000000e+00 -1.319499110005527276e-02
-1.223085709126714611e-02 0.000000000000000000e+00 -1.319499110005527276e-02
-1.268230096025463847e-02 0.000000000000000000e+00 -1.429968161573086025e-02
-1.306077805523429142e-02 0.000000000000000000e+00 -1.542266586117034023e-02
-1.341590995922797673e-02 0.000000000000000000e+00 -1.662817009031073226e-02
-1.371112546057590836e-02 0.000000000000000000e+00 -1.774380941956882340e-02
-1.403314719395446983e-02 0.000000000000000000e+00 -1.899872235489220504e-02
-1.441477479400518277e-02 0.000000000000000000e+00 -2.045968035278154795e-02
-1.480132758793787848e-02 0.000000000000000000e+00 -2.207655640234802361e-02
-1.521984270040972753e-02 0.000000000000000000e+00 -2.391689567207242947e-02
-1.551302911759384721e-02 0.000000000000000000e+00 -2.575748230845770897e-02
-1.568072688828584665e-02 0.000000000000000000e+00 -2.759807932338308525e-02
-1.574791539235639859e-02 0.000000000000000000e+00 -2.948545860696517515e-02
-1.574664721393034816e-02 0.000000000000000000e+00 -3.149329442786069633e-02
-1.570838440637720851e-02 0.000000000000000000e+00 -3.214739134328358644e-02
-1.548488508373622487e-02 0.000000000000000000e+00 -3.406674718421969644e-02
-1.511487127113192094e-02 0.000000000000000000e+00 -3.594888302323267365e-02
-1.496301612391513769e-02 0.000000000000000000e+00 -3.657626163623699939e-02
-1.442942738301682820e-02 0.000000000000000000e+00 -3.847847302137821085e-02
-1.371090400579745919e-02 0.000000000000000000e+00 -4.021865175033921547e-02
-1.284169480572344875e-02 0.000000000000000000e+00 -4.185441270013568610e-02
-1.182970352534846482e-02 0.000000000000000000e+00 -4.337557959294437160e-02
-1.069060211839814242e-02 0.000000000000000000e+00 -4.479871363900173736e-02
-9.434516358205231532e-03 0.000000000000000000e+00 -4.612430219567002082e-02
-8.028468974373420899e-03 0.000000000000000000e+00 -4.710035131632407668e-02
-6.536234776649110616e-03 0.000000000000000000e+00 -4.793238836209347958e-02
-4.975514882378804897e-03 0.000000000000000000e+00 -4.864947884992609078e-02
-3.427037925964732806e-03 0.000000000000000000e+00 -4.909050528782903794e-02
-1.845358056545859859e-03 0.000000000000000000e+00 -4.940918123003106704e-02
-2.427422486269987373e-04 0.000000000000000000e+00 -4.967748343994313892e-02
-0.000000000000000000e+00 0.000000000000000000e+00 -4.971174285714285296e-02
2.430770565678141439e-04 0.000000000000000000e+00 -4.974600227434257393e-02
1.852586568910500556e-03 0.000000000000000000e+00 -4.960272354892205499e-02
3.435606206822418036e-03 0.000000000000000000e+00 -4.921324137824840267e-02
4.986616111958185917e-03 0.000000000000000000e+00 -4.875802420581337032e-02
6.545304695677456666e-03 0.000000000000000000e+00 -4.799890110163468337e-02
8.039025107821281407e-03 0.000000000000000000e+00 -4.716228063255152592e-02
9.423918058005428464e-03 0.000000000000000000e+00 -4.607248828358209009e-02
1.070842492679259170e-02 0.000000000000000000e+00 -4.487339969322609590e-02
1.185793972382811687e-02 0.000000000000000000e+00 -4.347911232070309634e-02
1.288547542339953111e-02 0.000000000000000000e+00 -4.199710508367254791e-02
1.377492295793758363e-02 0.000000000000000000e+00 -4.040644067661691707e-02
1.446219137313432823e-02 0.000000000000000000e+00 -3.856584366169154426e-02
1.502396453731343409e-02 0.000000000000000000e+00 -3.672524664676617145e-02
1.518333442514699372e-02 0.000000000000000000e+00 -3.611171430845771385e-02
1.542333054790665826e-02 0.000000000000000000e+00 -3.393132720539464992e-02
1.567119705306114358e-02 0.000000000000000000e+00 -3.207128699231117513e-02
1.575676516056083443e-02 0.000000000000000000e+00 -3.151353032112166885e-02
1.583329492298608115e-02 0.000000000000000000e+00 -2.964531815367606529e-02
1.571893356512890291e-02 0.000000000000000000e+00 -2.766532307462686580e-02
1.555357314077340618e-02 0.000000000000000000e+00 -2.582480068656716268e-02
1.526279009777408054e-02 0.000000000000000000e+00 -2.398438443935926867e-02
1.491803644422515403e-02 0.000000000000000000e+00 -2.225063062867480707e-02
1.451528284589449248e-02 0.000000000000000000e+00 -2.060233694255992482e-02
1.409409617049052141e-02 0.000000000000000000e+00 -1.908123789235639800e-02
1.371111805367103594e-02 0.000000000000000000e+00 -1.774379983416251791e-02
1.332694649141421932e-02 0.000000000000000000e+00 -1.651790551048522987e-02
1.309225951067376388e-02 0.000000000000000000e+00 -1.545984036685545474e-02
1.270988760608572805e-02 0.000000000000000000e+00 -1.433078640132669050e-02
1.223085709126714611e-02 0.000000000000000000e+00 -1.319499110005527276e-02
1.223085709126714611e-02 0.000000000000000000e+00 -1.319499110005527276e-02
1.223085709126714611e-02 0.000000000000000000e+00 -1.319499110005527276e-02
1.223085709126714611e-02 0.000000000000000000e+00 -1.319499110005527276e-02
1.223085709126714611e-02 0.000000000000000000e+00 -1.319499110005527276e-02
1.223085709126714611e-02 0.000000000000000000e+00 -1.319499110005527276e-02
1.223085709126714611e-02 0.000000000000000000e+00 -1.319499110005527276e-02
1.223085709126714611e-02 0.000000000000000000e+00 -1.319499110005527276e-02
1.223085709126714611e-02 0.000000000000000000e+00 -1.319499110005527276e-02
1.223085709126714611e-02 0.000000000000000000e+00 -1.319499110005527276e-02
1.223085709126714611e-02 0.000000000000000000e+00 -1.319499110005527276e-02
1.277894698252738520e-02 0.000000000000000000e+00 -1.450592081260364090e-02
1.311260144694333975e-02 0.000000000000000000e+00 -1.553841947165672012e-02
1.332694649141421932e-02 0.000000000000000000e+00 -1.651790551048522987e-02
1.371111805367103594e-02 0.000000000000000000e+00 -1.774379983416251791e-02
1.409409617049052141e-02 0.000000000000000000e+00 -1.908123789235639800e-02
1.451528284589449248e-02 0.000000000000000000e+00 -2.060233694255992482e-02
1.491803644422515403e-02 0.000000000000000000e+00 -2.225063062867480707e-02
1.526279009777408054e-02 0.000000000000000000e+00 -2.398438443935926867e-02
1.555357314077340618e-02 0.000000000000000000e+00 -2.582480068656716268e-02
1.571893356512890291e-02 0.000000000000000000e+00 -2.766532307462686580e-02
1.583329492298608115e-02 0.000000000000000000e+00 -2.964531815367606529e-02
1.575676516056083443e-02 0.000000000000000000e+00 -3.151353032112166885e-02
1.567119705306114358e-02 0.000000000000000000e+00 -3.207128699231117513e-02
1.542333054790665826e-02 0.000000000000000000e+00 -3.393132720539464992e-02
1.518333442514699372e-02 0.000000000000000000e+00 -3.611171430845771385e-02
1.502396453731343409e-02 0.000000000000000000e+00 -3.672524664676617145e-02
1.446219137313432823e-02 0.000000000000000000e+00 -3.856584366169154426e-02
1.377492295793758363e-02 0.000000000000000000e+00 -4.040644067661691707e-02
1.288547542339953111e-02 0.000000000000000000e+00 -4.199710508367254791e-02
1.185793972382811687e-02 0.000000000000000000e+00 -4.347911232070309634e-02
1.070842492679259170e-02 0.000000000000000000e+00 -4.487339969322609590e-02
9.423918058005428464e-03 0.000000000000000000e+00 -4.607248828358209009e-02
8.039025107821281407e-03 0.000000000000000000e+00 -4.716228063255152592e-02
6.545304695677456666e-03 0.000000000000000000e+00 -4.799890110163468337e-02
4.986616111958185917e-03 0.000000000000000000e+00 -4.875802420581337032e-02
3.435606206822418036e-03 0.000000000000000000e+00 -4.921324137824840267e-02
1.852586568910500556e-03 0.000000000000000000e+00 -4.960272354892205499e-02
2.430770565678141439e-04 0.000000000000000000e+00 -4.974600227434257393e-02
-0.000000000000000000e+00 0.000000000000000000e+00 -4.971174285714285296e-02
-2.427422486269987373e-04 0.000000000000000000e+00 -4.967748343994313892e-02
-1.845358056545859859e-03 0.000000000000000000e+00 -4.940918123003106704e-02
-3.427037925964732806e-03 0.000000000000000000e+00 -4.909050528782903794e-02
-4.975514882378804897e-03 0.000000000000000000e+00 -4.864947884992609078e-02
-6.536234776649110616e-03 0.000000000000000000e+00 -4.793238836209347958e-02
-8.028468974373420899e-03 0.000000000000000000e+00 -4.710035131632407668e-02
-9.434516358205231532e-03 0.000000000000000000e+00 -4.612430219567002082e-02
-1.069060211839814242e-02 0.000000000000000000e+00 -4.479871363900173736e-02
-1.182970352534846482e-02 0.000000000000000000e+00 -4.337557959294437160e-02
-1.284169480572344875e-02 0.000000000000000000e+00 -4.185441270013568610e-02
-1.371090400579745919e-02 0.000000000000000000e+00 -4.021865175033921547e-02
-1.442942738301682820e-02 0.000000000000000000e+00 -3.847847302137821085e-02
-1.496301612391513769e-02 0.000000000000000000e+00 -3.657626163623699939e-02
-1.511487127113192094e-02 0.000000000000000000e+00 -3.594888302323267365e-02
-1.548488508373622487e-02 0.000000000000000000e+00 -3.406674718421969644e-02
-1.570838440637720851e-02 0.000000000000000000e+00 -3.214739134328358644e-02
-1.574664721393034816e-02 0.000000000000000000e+00 -3.149329442786069633e-02
-1.574791539235639859e-02 0.000000000000000000e+00 -2.948545860696517515e-02
-1.568072688828584665e-02 0.000000000000000000e+00 -2.759807932338308525e-02
-1.551302911759384721e-02 0.000000000000000000e+00 -2.575748230845770897e-02
-1.521984270040972753e-02 0.000000000000000000e+00 -2.391689567207242947e-02
-1.480132758793787848e-02 0.000000000000000000e+00 -2.207655640234802361e-02
-1.441477479400518277e-02 0.000000000000000000e+00 -2.045968035278154795e-02
-1.403314719395446983e-02 0.000000000000000000e+00 -1.899872235489220504e-02
-1.371112546057590836e-02 0.000000000000000000e+00 -1.774380941956882340e-02
-1.341590995922797673e-02 0.000000000000000000e+00 -1.662817009031073226e-02
-1.308757772790334131e-02 0.000000000000000000e+00 -1.550876638986683348e-02
-1.274420391376630303e-02 0.000000000000000000e+00 -1.446648249230039589e-02
-1.233444249726116555e-02 0.000000000000000000e+00 -1.343604555002763518e-02
-1.233444249726116555e-02 0.000000000000000000e+00 -1.343604555002763518e-02
-1.233444249726116555e-02 0.000000000000000000e+00 -1.343604555002763518e-02
-1.233444249726116555e-02 0.000000000000000000e+00 -1.343604555002763518e-02
-1.233444249726116555e-02 0.000000000000000000e+00 -1.343604555002763518e-02
-1.233444249726116555e-02 0.000000000000000000e+00 -1.343604555002763518e-02
-1.233444249726116555e-02 0.000000000000000000e+00 -1.343604555002763518e-02
-1.233444249726116555e-02 0.000000000000000000e+00 -1.343604555002763518e-02
-1.233444249726116555e-02 0.000000000000000000e+00 -1.343604555002763518e-02
-1.233444249726116555e-02 0.000000000000000000e+00 -1.343604555002763518e-02
-1.233444249726116555e-02 0.000000000000000000e+00 -1.343604555002763518e-02
-1.274420391376630303e-02 0.000000000000000000e+00 -1.446648249230039589e-02
-1.308757772790334131e-02 0.000000000000000000e+00 -1.550876638986683348e-02
-1.341590995922797673e-02 0.000000000000000000e+00 -1.662817009031073226e-02
-1.371112546057590836e-02 0.000000000000000000e+00 -1.774380941956882340e-02
-1.403314719395446983e-02 0.000000000000000000e+00 -1.899872235489220504e-02
-1.441477479400518277e-02 0.000000000000000000e+00 -2.045968035278154795e-02
-1.480132758793787848e-02 0.000000000000000000e+00 -2.207655640234802361e-02
-1.521984270040972753e-02 0.000000000000000000e+00 -2.391689567207242947e-02
-1.551302911759384721e-02 0.000000000000000000e+00 -2.575748230845770897e-02
-1.568072688828584665e-02 0.000000000000000000e+00 -2.759807932338308525e-02
-1.574791539235639859e-02 0.000000000000000000e+00 -2.948545860696517515e-02
-1.574664721393034816e-02 0.000000000000000000e+00 -3.149329442786069633e-02
-1.570838440637720851e-02 0.000000000000000000e+00 -3.214739134328358644e-02
-1.548488508373622487e-02 0.000000000000000000e+00 -3.406674718421969644e-02
-1.511487127113192094e-02 0.000000000000000000e+00 -3.594888302323267365e-02
-1.496301612391513769e-02 0.000000000000000000e+00 -3.657626163623699939e-02
-1.442942738301682820e-02 0.000000000000000000e+00 -3.847847302137821085e-02
-1.371090400579745919e-02 0.000000000000000000e+00 -4.021865175033921547e-02
-1.284169480572344875e-02 0.000000000000000000e+00 -4.185441270013568610e-02
-1.182970352534846482e-02 0.000000000000000000e+00 -4.337557959294437160e-02
-1.069060211839814242e-02 0.000000000000000000e+00 -4.479871363900173736e-02
-9.434516358205231532e-03 0.000000000000000000e+00 -4.612430219567002082e-02
-8.028468974373420899e-03 0.000000000000000000e+00 -4.710035131632407668e-02
-6.536234776649110616e-03 0.000000000000000000e+00 -4.793238836209347958e-02
-4.975514882378804897e-03 0.000000000000000000e+00 -4.864947884992609078e-02
-3.427037925964732806e-03 0.000000000000000000e+00 -4.909050528782903794e-02
-1.845358056545859859e-03 0.000000000000000000e+00 -4.940918123003106704e-02
-2.427422486269987373e-04 0.000000000000000000e+00 -4.967748343994313892e-02
-0.000000000000000000e+00 0.000000000000000000e+00 -4.971174285714285296e-02
2.430770565678141439e-04 0.000000000000000000e+00 -4.974600227434257393e-02
1.852586568910500556e-03 0.000000000000000000e+00 -4.960272354892205499e-02
3.435606206822418036e-03 0.000000000000000000e+00 -4.921324137824840267e-02
4.986616111958185917e-03 0.000000000000000000e+00 -4.875802420581337032e-02
6.545304695677456666e-03 0.000000000000000000e+00 -4.799890110163468337e-02
8.039025107821281407e-03 0.000000000000000000e+00 -4.716228063255152592e-02
9.423918058005428464e-03 0.000000000000000000e+00 -4.607248828358209009e-02
1.070842492679259170e-02 0.000000000000000000e+00 -4.487339969322609590e-02
1.185793972382811687e-02 0.000000000000000000e+00 -4.347911232070309634e-02
1.288547542339953111e-02 0.000000000000000000e+00 -4.199710508367254791e-02
1.377492295793758363e-02 0.000000000000000000e+00 -4.040644067661691707e-02
1.446219137313432823e-02 0.000000000000000000e+00 -3.856584366169154426e-02
1.502396453731343409e-02 0.000000000000000000e+00 -3.672524664676617145e-02
1.518333442514699372e-02 0.000000000000000000e+00 -3.611171430845771385e-02
1.542333054790665826e-02 0.000000000000000000e+00 -3.393132720539464992e-02
1.567119705306114358e-02 0.000000000000000000e+00 -3.207128699231117513e-02
1.575676516056083443e-02 0.000000000000000000e+00 -3.151353032112166885e-02
1.583329492298608115e-02 0.000000000000000000e+00 -2.964531815367606529e-02
1.571893356512890291e-02 0.000000000000000000e+00 -2.766532307462686580e-02
1.555357314077340618e-02 0.000000000000000000e+00 -2.582480068656716268e-02
1.526279009777408054e-02 0.000000000000000000e+00 -2.398438443935926867e-02
1.491803644422515403e-02 0.000000000000000000e+00 -2.225063062867480707e-02
1.451528284589449248e-02 0.000000000000000000e+00 -2.060233694255992482e-02
1.409409617049052141e-02 0.000000000000000000e+00 -1.908123789235639800e-02
1.371111805367103594e-02 0.000000000000000000e+00 -1.774379983416251791e-02
1.332694649141421932e-02 0.000000000000000000e+00 -1.651790551048522987e-02
1.311260144694333975e-02 0.000000000000000000e+00 -1.553841947165672012e-02
1.277894698252738520e-02 0.000000000000000000e+00 -1.450592081260364090e-02
1.233444249726116555e-02 0.000000000000000000e+00 -1.343604555002763518e-02
1.233444249726116555e-02 0.000000000000000000e+00 -1.343604555002763518e-02
1.233444249726116555e-02 0.000000000000000000e+00 -1.343604555002763518e-02
1.233444249726116555e-02 0.000000000000000000e+00 -1.343604555002763518e-02
1.233444249726116555e-02 0.000000000000000000e+00 -1.343604555002763518e-02
1.233444249726116555e-02 0.000000000000000000e+00 -1.343604555002763518e-02
1.233444249726116555e-02 0.000000000000000000e+00 -1.343604555002763518e-02
1.233444249726116555e-02 0.000000000000000000e+00 -1.343604555002763518e-02
1.233444249726116555e-02 0.000000000000000000e+00 -1.343604555002763518e-02
1.233444249726116555e-02 0.000000000000000000e+00 -1.343604555002763518e-02
1.233444249726116555e-02 0.000000000000000000e+00 -1.343604555002763518e-02
1.284592332089552237e-02 0.000000000000000000e+00 -1.468105522388059650e-02
1.313247607565784861e-02 0.000000000000000000e+00 -1.561699857645798203e-02
1.332694649141421932e-02 0.000000000000000000e+00 -1.651790551048522987e-02
1.371111805367103594e-02 0.000000000000000000e+00 -1.774379983416251791e-02
1.409409617049052141e-02 0.000000000000000000e+00 -1.908123789235639800e-02
1.451528284589449248e-02 0.000000000000000000e+00 -2.060233694255992482e-02
1.491803644422515403e-02 0.000000000000000000e+00 -2.225063062867480707e-02
1.526279009777408054e-02 0.000000000000000000e+00 -2.398438443935926867e-02
1.555357314077340618e-02 0.000000000000000000e+00 -2.582480068656716268e-02
1.571893356512890291e-02 0.000000000000000000e+00 -2.766532307462686580e-02
1.583329492298608115e-02 0.000000000000000000e+00 -2.964531815367606529e-02
1.575676516056083443e-02 0.000000000000000000e+00 -3.151353032112166885e-02
1.567119705306114358e-02 0.000000000000000000e+00 -3.207128699231117513e-02
1.542333054790665826e-02 0.000000000000000000e+00 -3.393132720539464992e-02
1.518333442514699372e-02 0.000000000000000000e+00 -3.611171430845771385e-02
1.502396453731343409e-02 0.000000000000000000e+00 -3.672524664676617145e-02
1.446219137313432823e-02 0.000000000000000000e+00 -3.856584366169154426e-02
1.377492295793758363e-02 0.000000000000000000e+00 -4.040644067661691707e-02
1.288547542339953111e-02 0.000000000000000000e+00 -4.199710508367254791e-02
1.185793972382811687e-02 0.000000000000000000e+00 -4.347911232070309634e-02
1.070842492679259170e-02 0.000000000000000000e+00 -4.487339969322609590e-02
9.423918058005428464e-03 0.000000000000000000e+00 -4.607248828358209009e-02
8.039025107821281407e-03 0.000000000000000000e+00 -4.716228063255152592e-02
6.545304695677456666e-03 0.000000000000000000e+00 -4.799890110163468337e-02
4.986616111958185917e-03 0.000000000000000000e+00 -4.875802420581337032e-02
3.435606206822418036e-03 0.000000000000000000e+00 -4.921324137824840267e-02
1.852586568910500556e-03 0.000000000000000000e+00 -4.960272354892205499e-02
2.430770565678141439e-04 0.000000000000000000e+00 -4.974600227434257393e-02
-0.000000000000000000e+00 0.000000000000000000e+00 -4.971174285714285296e-02
-2.427422486269987373e-04 0.000000000000000000e+00 -4.967748343994313892e-02
-1.845358056545859859e-03 0.000000000000000000e+00 -4.940918123003106704e-02
-3.427037925964732806e-03 0.000000000000000000e+00 -4.909050528782903794e-02
-4.975514882378804897e-03 0.000000000000000000e+00 -4.864947884992609078e-02
-6.536234776649110616e-03 0.000000000000000000e+00 -4.793238836209347958e-02
-8.028468974373420899e-03 0.000000000000000000e+00 -4.710035131632407668e-02
-9.434516358205231532e-03 0.000000000000000000e+00 -4.612430219567002082e-02
-1.069060211839814242e-02 0.000000000000000000e+00 -4.479871363900173736e-02
-1.182970352534846482e-02 0.000000000000000000e+00 -4.337557959294437160e-02
-1.284169480572344875e-02 0.000000000000000000e+00 -4.185441270013568610e-02
-1.371090400579745919e-02 0.000000000000000000e+00 -4.021865175033921547e-02
-1.442942738301682820e-02 0.000000000000000000e+00 -3.847847302137821085e-02
-1.496301612391513769e-02 0.000000000000000000e+00 -3.657626163623699939e-02
-1.511487127113192094e-02 0.000000000000000000e+00 -3.594888302323267365e-02
-1.548488508373622487e-02 0.000000000000000000e+00 -3.406674718421969644e-02
-1.570838440637720851e-02 0.000000000000000000e+00 -3.214739134328358644e-02
-1.574664721393034816e-02 0.000000000000000000e+00 -3.149329442786069633e-02
-1.574791539235639859e-02 0.000000000000000000e+00 -2.948545860696517515e-02
-1.568072688828584665e-02 0.000000000000000000e+00 -2.759807932338308525e-02
-1.551302911759384721e-02 0.000000000000000000e+00 -2.575748230845770897e-02
-1.521984270040972753e-02 0.000000000000000000e+00 -2.391689567207242947e-02
-1.480132758793787848e-02 0.000000000000000000e+00 -2.207655640234802361e-02
-1.441477479400518277e-02 0.000000000000000000e+00 -2.045968035278154795e-02
-1.403314719395446983e-02 0.000000000000000000e+00 -1.899872235489220504e-02
-1.371112546057590836e-02 0.000000000000000000e+00 -1.774380941956882340e-02
-1.341590995922797673e-02 0.000000000000000000e+00 -1.662817009031073226e-02
-1.311697962581578891e-02 0.000000000000000000e+00 -1.559857036583499161e-02
-1.280412294776119529e-02 0.000000000000000000e+00 -1.463328336886993673e-02
-1.243372727272727164e-02 0.000000000000000000e+00 -1.367709999999999933e-02
-1.243372727272727164e-02 0.000000000000000000e+00 -1.367709999999999933e-02
-1.243372727272727164e-02 0.000000000000000000e+00 -1.367709999999999933e-02
-1.243372727272727164e-02 0.000000000000000000e+00 -1.367709999999999933e-02
-1.243372727272727164e-02 0.000000000000000000e+00 -1.367709999999999933e-02
-1.243372727272727164e-02 0.000000000000000000e+00 -1.367709999999999933e-02
-1.243372727272727164e-02 0.000000000000000000e+00 -1.367709999999999933e-02
-1.243372727272727164e-02 0.000000000000000000e+00 -1.367709999999999933e-02
-1.243372727272727164e-02 0.000000000000000000e+00 -1.367709999999999933e-02
-1.243372727272727164e-02 0.000000000000000000e+00 -1.367709999999999933e-02
-1.243372727272727164e-02 0.000000000000000000e+00 -1.367709999999999933e-02
-1.280412294776119529e-02 0.000000000000000000e+00 -1.463328336886993673e-02
-1.311697962581578891e-02 0.000000000000000000e+00 -1.559857036583499161e-02
-1.341590995922797673e-02 0.000000000000000000e+00 -1.662817009031073226e-02
-1.371112546057590836e-02 0.000000000000000000e+00 -1.774380941956882340e-02
-1.403314719395446983e-02 0.000000000000000000e+00 -1.899872235489220504e-02
-1.441477479400518277e-02 0.000000000000000000e+00 -2.045968035278154795e-02
-1.480132758793787848e-02 0.000000000000000000e+00 -2.207655640234802361e-02
-1.521984270040972753e-02 0.000000000000000000e+00 -2.391689567207242947e-02
-1.551302911759384721e-02 0.000000000000000000e+00 -2.575748230845770897e-02
-1.568072688828584665e-02 0.000000000000000000e+00 -2.759807932338308525e-02
-1.574791539235639859e-02 0.000000000000000000e+00 -2.948545860696517515e-02
-1.574664721393034816e-02 0.000000000000000000e+00 -3.149329442786069633e-02
-1.570838440637720851e-02 0.000000000000000000e+00 -3.214739134328358644e-02
-1.548488508373622487e-02 0.000000000000000000e+00 -3.406674718421969644e-02
-1.511487127113192094e-02 0.000000000000000000e+00 -3.594888302323267365e-02
-1.496301612391513769e-02 0.000000000000000000e+00 -3.657626163623699939e-02
-1.442942738301682820e-02 0.000000000000000000e+00 -3.847847302137821085e-02
-1.371090400579745919e-02 0.000000000000000000e+00 -4.021865175033921547e-02
-1.284169480572344875e-02 0.000000000000000000e+00 -4.185441270013568610e-02
-1.182970352534846482e-02 0.000000000000000000e+00 -4.337557959294437160e-02
-1.069060211839814242e-02 0.000000000000000000e+00 -4.479871363900173736e-02
-9.434516358205231532e-03 0.000000000000000000e+00 -4.612430219567002082e-02
-8.028468974373420899e-03 0.000000000000000000e+00 -4.710035131632407668e-02
-6.536234776649110616e-03 0.000000000000000000e+00 -4.793238836209347958e-02
-4.975514882378804897e-03 0.000000000000000000e+00 -4.864947884992609078e-02
-3.427037925964732806e-03 0.000000000000000000e+00 -4.909050528782903794e-02
-1.845358056545859859e-03 0.000000000000000000e+00 -4.940918123003106704e-02
-2.427422486269987373e-04 0.000000000000000000e+00 -4.967748343994313892e-02
-0.000000000000000000e+00 0.000000000000000000e+00 -4.971174285714285296e-02
2.430770565678141439e-04 0.000000000000000000e+00 -4.974600227434257393e-02
1.852586568910500556e-03 0.000000000000000000e+00 -4.960272354892205499e-02
3.435606206822418036e-03 0.000000000000000000e+00 -4.921324137824840267e-02
4.986616111958185917e-03 0.000000000000000000e+00 -4.875802420581337032e-02
6.545304695677456666e-03 0.000000000000000000e+00 -4.799890110163468337e-02
8.039025107821281407e-03 0.000000000000000000e+00 -4.716228063255152592e-02
9.423918058005428464e-03 0.000000000000000000e+00 -4.607248828358209009e-02
1.070842492679259170e-02 0.000000000000000000e+00 -4.487339969322609590e-02
1.185793972382811687e-02 0.000000000000000000e+00 -4.347911232070309634e-02
1.288547542339953111e-02 0.000000000000000000e+00 -4.199710508367254791e-02
1.377492295793758363e-02 0.000000000000000000e+00 -4.040644067661691707e-02
1.446219137313432823e-02 0.000000000000000000e+00 -3.856584366169154426e-02
1.502396453731343409e-02 0.000000000000000000e+00 -3.672524664676617145e-02
1.518333442514699372e-02 0.000000000000000000e+00 -3.611171430845771385e-02
1.542333054790665826e-02 0.000000000000000000e+00 -3.393132720539464992e-02
1.567119705306114358e-02 0.000000000000000000e+00 -3.207128699231117513e-02
1.575676516056083443e-02 0.000000000000000000e+00 -3.151353032112166885e-02
1.583329492298608115e-02 0.000000000000000000e+00 -2.964531815367606529e-02
1.571893356512890291e-02 0.000000000000000000e+00 -2.766532307462686580e-02
1.555357314077340618e-02 0.000000000000000000e+00 -2.582480068656716268e-02
1.526279009777408054e-02 0.000000000000000000e+00 -2.398438443935926867e-02
1.491803644422515403e-02 0.000000000000000000e+00 -2.225063062867480707e-02
1.451528284589449248e-02 0.000000000000000000e+00 -2.060233694255992482e-02
1.409409617049052141e-02 0.000000000000000000e+00 -1.908123789235639800e-02
1.371111805367103594e-02 0.000000000000000000e+00 -1.774379983416251791e-02
1.332694649141421932e-02 0.000000000000000000e+00 -1.651790551048522987e-02
1.313247607565784861e-02 0.000000000000000000e+00 -1.561699857645798203e-02
1.284592332089552237e-02 0.000000000000000000e+00 -1.468105522388059650e-02
1.243372727272727164e-02 0.000000000000000000e+00 -1.367709999999999933e-02
1.243372727272727164e-02 0.000000000000000000e+00 -1.367709999999999933e-02
1.243372727272727164e-02 0.000000000000000000e+00 -1.367709999999999933e-02
1.243372727272727164e-02 0.000000000000000000e+00 -1.367709999999999933e-02
1.243372727272727164e-02 0.000000000000000000e+00 -1.367709999999999933e-02
1.243372727272727164e-02 0.000000000000000000e+00 -1.367709999999999933e-02
1.243372727272727164e-02 0.000000000000000000e+00 -1.367709999999999933e-02
1.243372727272727164e-02 0.000000000000000000e+00 -1.367709999999999933e-02
1.243372727272727164e-02 0.000000000000000000e+00 -1.367709999999999933e-02
1.243372727272727164e-02 0.000000000000000000e+00 -1.367709999999999933e-02
1.243372727272727164e-02 0.000000000000000000e+00 -1.367709999999999933e-02
1.288172797243580282e-02 0.000000000000000000e+00 -1.477698872305141346e-02
1.314316471780399738e-02 0.000000000000000000e+00 -1.566004190775039523e-02
1.332694649141421932e-02 0.000000000000000000e+00 -1.651790551048522987e-02
1.371111805367103594e-02 0.000000000000000000e+00 -1.774379983416251791e-02
1.409409617049052141e-02 0.000000000000000000e+00 -1.908123789235639800e-02
1.451528284589449248e-02 0.000000000000000000e+00 -2.060233694255992482e-02
1.491803644422515403e-02 0.000000000000000000e+00 -2.225063062867480707e-02
1.526279009777408054e-02 0.000000000000000000e+00 -2.398438443935926867e-02
1.555357314077340618e-02 0.000000000000000000e+00 -2.582480068656716268e-02
1.571893356512890291e-02 0.000000000000000000e+00 -2.766532307462686580e-02
1.583329492298608115e-02 0.000000000000000000e+00 -2.964531815367606529e-02
1.575676516056083443e-02 0.000000000000000000e+00 -3.151353032112166885e-02
1.567119705306114358e-02 0.000000000000000000e+00 -3.207128699231117513e-02
1.542333054790665826e-02 0.000000000000000000e+00 -3.393132720539464992e-02
1.518333442514699372e-02 0.000000000000000000e+00 -3.611171430845771385e-02
1.502396453731343409e-02 0.000000000000000000e+00 -3.672524664676617145e-02
1.446219137313432823e-02 0.000000000000000000e+00 -3.856584366169154426e-02
1.377492295793758363e-02 0.000000000000000000e+00 -4.040644067661691707e-02
1.288547542339953111e-02 0.000000000000000000e+00 -4.199710508367254791e-02
1.185793972382811687e-02 0.000000000000000000e+00 -4.347911232070309634e-02
1.070842492679259170e-02 0.000000000000000000e+00 -4.487339969322609590e-02
9.423918058005428464e-03 0.000000000000000000e+00 -4.607248828358209009e-02
8.039025107821281407e-03 0.000000000000000000e+00 -4.716228063255152592e-02
6.545304695677456666e-03 0.000000000000000000e+00 -4.799890110163468337e-02
4.986616111958185917e-03 0.000000000000000000e+00 -4.875802420581337032e-02
3.435606206822418036e-03 0.000000000000000000e+00 -4.921324137824840267e-02
1.852586568910500556e-03 0.000000000000000000e+00 -4.960272354892205499e-02
2.430770565678141439e-04 0.000000000000000000e+00 -4.974600227434257393e-02
-0.000000000000000000e+00 0.000000000000000000e+00 -4.971174285714285296e-02
-2.427422486269987373e-04 0.000000000000000000e+00 -4.967748343994313892e-02
-1.845358056545859859e-03 0.000000000000000000e+00 -4.940918123003106704e-02
-3.427037925964732806e-03 0.000000000000000000e+00 -4.909050528782903794e-02
-4.975514882378804897e-03 0.000000000000000000e+00 -4.864947884992609078e-02
-6.536234776649110616e-03 0.000000000000000000e+00 -4.793238836209347958e-02
-8.028468974373420899e-03 0.000000000000000000e+00 -4.710035131632407668e-02
-9.434516358205231532e-03 0.000000000000000000e+00 -4.612430219567002082e-02
-1.069060211839814242e-02 0.000000000000000000e+00 -4.479871363900173736e-02
-1.182970352534846482e-02 0.000000000000000000e+00 -4.337557959294437160e-02
-1.284169480572344875e-02 0.000000000000000000e+00 -4.185441270013568610e-02
-1.371090400579745919e-02 0.000000000000000000e+00 -4.021865175033921547e-02
-1.442942738301682820e-02 0.000000000000000000e+00 -3.847847302137821085e-02
-1.496301612391513769e-02 0.000000000000000000e+00 -3.657626163623699939e-02
-1.511487127113192094e-02 0.000000000000000000e+00 -3.594888302323267365e-02
-1.548488508373622487e-02 0.000000000000000000e+00 -3.406674718421969644e-02
-1.570838440637720851e-02 0.000000000000000000e+00 -3.214739134328358644e-02
-1.574664721393034816e-02 0.000000000000000000e+00 -3.149329442786069633e-02
-1.574791539235639859e-02 0.000000000000000000e+00 -2.948545860696517515e-02
-1.568072688828584665e-02 0.000000000000000000e+00 -2.759807932338308525e-02
-1.551302911759384721e-02 0.000000000000000000e+00 -2.575748230845770897e-02
-1.521984270040972753e-02 0.000000000000000000e+00 -2.391689567207242947e-02
-1.480132758793787848e-02 0.000000000000000000e+00 -2.207655640234802361e-02
-1.441477479400518277e-02 0.000000000000000000e+00 -2.045968035278154795e-02
-1.403314719395446983e-02 0.000000000000000000e+00 -1.899872235489220504e-02
-1.371112546057590836e-02 0.000000000000000000e+00 -1.774380941956882340e-02
-1.341590995922797673e-02 0.000000000000000000e+00 -1.662817009031073226e-02
-1.313285872909593192e-02 0.000000000000000000e+00 -1.564776235267105464e-02
-1.283610383225826206e-02 0.000000000000000000e+00 -1.472465200189528901e-02
-1.249081988857659795e-02 0.000000000000000000e+00 -1.381415294953802428e-02
-1.249081988857659795e-02 0.000000000000000000e+00 -1.381415294953802428e-02
-1.249081988857659795e-02 0.000000000000000000e+00 -1.381415294953802428e-02
-1.249081988857659795e-02 0.000000000000000000e+00 -1.381415294953802428e-02
-1.249081988857659795e-02 0.000000000000000000e+00 -1.381415294953802428e-02
-1.249081988857659795e-02 0.000000000000000000e+00 -1.381415294953802428e-02
-1.249081988857659795e-02 0.000000000000000000e+00 -1.381415294953802428e-02
-1.249081988857659795e-02 0.000000000000000000e+00 -1.381415294953802428e-02
-1.249081988857659795e-02 0.000000000000000000e+00 -1.381415294953802428e-02
-1.249081988857659795e-02 0.000000000000000000e+00 -1.381415294953802428e-02
-1.249081988857659795e-02 0.000000000000000000e+00 -1.381415294953802428e-02
-1.283610383225826206e-02 0.000000000000000000e+00 -1.472465200189528901e-02
-1.313285872909593192e-02 0.000000000000000000e+00 -1.564776235267105464e-02
-1.341590995922797673e-02 0.000000000000000000e+00 -1.662817009031073226e-02
-1.371112546057590836e-02 0.000000000000000000e+00 -1.774380941956882340e-02
-1.403314719395446983e-02 0.000000000000000000e+00 -1.899872235489220504e-02
-1.441477479400518277e-02 0.000000000000000000e+00 -2.045968035278154795e-02
-1.480132758793787848e-02 0.000000000000000000e+00 -2.207655640234802361e-02
-1.521984270040972753e-02 0.000000000000000000e+00 -2.391689567207242947e-02
-1.551302911759384721e-02 0.000000000000000000e+00 -2.575748230845770897e-02
-1.568072688828584665e-02 0.000000000000000000e+00 -2.759807932338308525e-02
-1.574791539235639859e-02 0.000000000000000000e+00 -2.948545860696517515e-02
-1.574664721393034816e-02 0.000000000000000000e+00 -3.149329442786069633e-02
-1.570838440637720851e-02 0.000000000000000000e+00 -3.214739134328358644e-02
-1.548488508373622487e-02 0.000000000000000000e+00 -3.406674718421969644e-02
-1.511487127113192094e-02 0.000000000000000000e+00 -3.594888302323267365e-02
-1.496301612391513769e-02 0.000000000000000000e+00 -3.657626163623699939e-02
-1.442942738301682820e-02 0.000000000000000000e+00 -3.847847302137821085e-02
-1.371090400579745919e-02 0.000000000000000000e+00 -4.021865175033921547e-02
-1.284169480572344875e-02 0.000000000000000000e+00 -4.185441270013568610e-02
-1.182970352534846482e-02 0.000000000000000000e+00 -4.337557959294437160e-02
-1.069060211839814242e-02 0.000000000000000000e+00 -4.479871363900173736e-02
-9.434516358205231532e-03 0.000000000000000000e+00 -4.612430219567002082e-02
-8.028468974373420899e-03 0.000000000000000000e+00 -4.710035131632407668e-02
-6.536234776649110616e-03 0.000000000000000000e+00 -4.793238836209347958e-02
-4.975514882378804897e-03 0.000000000000000000e+00 -4.864947884992609078e-02
-3.427037925964732806e-03 0.000000000000000000e+00 -4.909050528782903794e-02
-1.845358056545859859e-03 0.000000000000000000e+00 -4.940918123003106704e-02
-2.427422486269987373e-04 0.000000000000000000e+00 -4.967748343994313892e-02
-0.000000000000000000e+00 0.000000000000000000e+00 -4.971174285714285296e-02
2.430770565678141439e-04 0.000000000000000000e+00 -4.974600227434257393e-02
1.852586568910500556e-03 0.000000000000000000e+00 -4.960272354892205499e-02
3.435606206822418036e-03 0.000000000000000000e+00 -4.921324137824840267e-02
4.986616111958185917e-03 0.000000000000000000e+00 -4.875802420581337032e-02
6.545304695677456666e-03 0.000000000000000000e+00 -4.799890110163468337e-02
8.039025107821281407e-03 0.000000000000000000e+00 -4.716228063255152592e-02
9.423918058005428464e-03 0.000000000000000000e+00 -4.607248828358209009e-02
1.070842492679259170e-02 0.000000000000000000e+00 -4.487339969322609590e-02
1.185793972382811687e-02 0.000000000000000000e+00 -4.347911232070309634e-02
1.288547542339953111e-02 0.000000000000000000e+00 -4.199710508367254791e-02
1.377492295793758363e-02 0.000000000000000000e+00 -4.040644067661691707e-02
1.446219137313432823e-02 0.000000000000000000e+00 -3.856584366169154426e-02
1.502396453731343409e-02 0.000000000000000000e+00 -3.672524664676617145e-02
1.518333442514699372e-02 0.000000000000000000e+00 -3.611171430845771385e-02
1.542333054790665826e-02 0.000000000000000000e+00 -3.393132720539464992e-02
1.567119705306114358e-02 0.000000000000000000e+00 -3.207128699231117513e-02
1.575676516056083443e-02 0.000000000000000000e+00 -3.151353032112166885e-02
1.583329492298608115e-02 0.000000000000000000e+00 -2.964531815367606529e-02
1.571893356512890291e-02 0.000000000000000000e+00 -2.766532307462686580e-02
1.555357314077340618e-02 0.000000000000000000e+00 -2.582480068656716268e-02
1.526279009777408054e-02 0.000000000000000000e+00 -2.398438443935926867e-02
1.491803644422515403e-02 0.000000000000000000e+00 -2.225063062867480707e-02
1.451528284589449248e-02 0.000000000000000000e+00 -2.060233694255992482e-02
1.409409617049052141e-02 0.000000000000000000e+00 -1.908123789235639800e-02
1.371111805367103594e-02 0.000000000000000000e+00 -1.774379983416251791e-02
1.332694649141421932e-02 0.000000000000000000e+00 -1.651790551048522987e-02
1.314316471780399738e-02 0.000000000000000000e+00 -1.566004190775039523e-02
1.288172797243580282e-02 0.000000000000000000e+00 -1.477698872305141346e-02
1.249701124765377827e-02 0.000000000000000000e+00 -1.382100024875622044e-02
1.249701124765377827e-02 0.000000000000000000e+00 -1.382100024875622044e-02
1.249701124765377827e-02 0.000000000000000000e+00 -1.382100024875622044e-02
1.249701124765377827e-02 0.000000000000000000e+00 -1.382100024875622044e-02
1.249701124765377827e-02 0.000000000000000000e+00 -1.382100024875622044e-02
1.249701124765377827e-02 0.000000000000000000e+00 -1.382100024875622044e-02
1.249701124765377827e-02 0.000000000000000000e+00 -1.382100024875622044e-02
1.249701124765377827e-02 0.000000000000000000e+00 -1.382100024875622044e-02
1.249701124765377827e-02 0.000000000000000000e+00 -1.382100024875622044e-02
1.249701124765377827e-02 0.000000000000000000e+00 -1.382100024875622044e-02
1.249701124765377827e-02 0.000000000000000000e+00 -1.382100024875622044e-02
1.291690760269360340e-02 0.000000000000000000e+00 -1.487292222222222349e-02
1.315371314303760177e-02 0.000000000000000000e+00 -1.570308523904281189e-02
1.332694649141421932e-02 0.000000000000000000e+00 -1.651790551048522987e-02
1.371111805367103594e-02 0.000000000000000000e+00 -1.774379983416251791e-02
1.409409617049052141e-02 0.000000000000000000e+00 -1.908123789235639800e-02
1.451528284589449248e-02 0.000000000000000000e+00 -2.060233694255992482e-02
1.491803644422515403e-02 0.000000000000000000e+00 -2.225063062867480707e-02
1.526279009777408054e-02 0.000000000000000000e+00 -2.398438443935926867e-02
1.555357314077340618e-02 0.000000000000000000e+00 -2.582480068656716268e-02
1.571893356512890291e-02 0.000000000000000000e+00 -2.766532307462686580e-02
1.583329492298608115e-02 0.000000000000000000e+00 -2.964531815367606529e-02
1.575676516056083443e-02 0.000000000000000000e+00 -3.151353032112166885e-02
1.567119705306114358e-02 0.000000000000000000e+00 -3.207128699231117513e-02
1.542333054790665826e-02 0.000000000000000000e+00 -3.393132720539464992e-02
1.518333442514699372e-02 0.000000000000000000e+00 -3.611171430845771385e-02
1.502396453731343409e-02 0.000000000000000000e+00 -3.672524664676617145e-02
1.446219137313432823e-02 0.000000000000000000e+00 -3.856584366169154426e-02
1.377492295793758363e-02 0.000000000000000000e+00 -4.040644067661691707e-02
1.288547542339953111e-02 0.000000000000000000e+00 -4.199710508367254791e-02
1.185793972382811687e-02 0.000000000000000000e+00 -4.347911232070309634e-02
1.070842492679259170e-02 0.000000000000000000e+00 -4.487339969322609590e-02
9.423918058005428464e-03 0.000000000000000000e+00 -4.607248828358209009e-02
8.039025107821281407e-03 0.000000000000000000e+00 -4.716228063255152592e-02
6.545304695677456666e-03 0.000000000000000000e+00 -4.799890110163468337e-02
4.986616111958185917e-03 0.000000000000000000e+00 -4.875802420581337032e-02
3.435606206822418036e-03 0.000000000000000000e+00 -4.921324137824840267e-02
1.852586568910500556e-03 0.000000000000000000e+00 -4.960272354892205499e-02
2.430770565678141439e-04 0.000000000000000000e+00 -4.974600227434257393e-02
-0.000000000000000000e+00 0.000000000000000000e+00 -4.971174285714285296e-02
-2.427422486269987373e-04 0.000000000000000000e+00 -4.967748343994313892e-02
-1.845358056545859859e-03 0.000000000000000000e+00 -4.940918123003106704e-02
-3.427037925964732806e-03 0.000000000000000000e+00 -4.909050528782903794e-02
-4.975514882378804897e-03 0.000000000000000000e+00 -4.864947884992609078e-02
-6.536234776649110616e-03 0.000000000000000000e+00 -4.793238836209347958e-02
-8.028468974373420899e-03 0.000000000000000000e+00 -4.710035131632407668e-02
-9.434516358205231532e-03 0.000000000000000000e+00 -4.612430219567002082e-02
-1.069060211839814242e-02 0.000000000000000000e+00 -4.479871363900173736e-02
-1.182970352534846482e-02 0.000000000000000000e+00 -4.337557959294437160e-02
-1.284169480572344875e-02 0.000000000000000000e+00 -4.185441270013568610e-02
-1.371090400579745919e-02 0.000000000000000000e+00 -4.021865175033921547e-02
-1.442942738301682820e-02 0.000000000000000000e+00 -3.847847302137821085e-02
-1.496301612391513769e-02 0.000000000000000000e+00 -3.657626163623699939e-02
-1.511487127113192094e-02 0.000000000000000000e+00 -3.594888302323267365e-02
-1.548488508373622487e-02 0.000000000000000000e+00 -3.406674718421969644e-02
-1.570838440637720851e-02 0.000000000000000000e+00 -3.214739134328358644e-02
-1.574664721393034816e-02 0.000000000000000000e+00 -3.149329442786069633e-02
-1.574791539235639859e-02 0.000000000000000000e+00 -2.948545860696517515e-02
-1.568072688828584665e-02 0.000000000000000000e+00 -2.759807932338308525e-02
-1.551302911759384721e-02 0.000000000000000000e+00 -2.575748230845770897e-02
-1.521984270040972753e-02 0.000000000000000000e+00 -2.391689567207242947e-02
-1.480132758793787848e-02 0.000000000000000000e+00 -2.207655640234802361e-02
-1.441477479400518277e-02 0.000000000000000000e+00 -2.045968035278154795e-02
-1.403314719395446983e-02 0.000000000000000000e+00 -1.899872235489220504e-02
-1.371112546057590836e-02 0.000000000000000000e+00 -1.774380941956882340e-02
-1.341590995922797673e-02 0.000000000000000000e+00 -1.662817009031073226e-02
-1.314857758575228679e-02 0.000000000000000000e+00 -1.569695433950711941e-02
-1.286748943626743642e-02 0.000000000000000000e+00 -1.481602063492063609e-02
-1.254657312332816722e-02 0.000000000000000000e+00 -1.395120589907605270e-02
-1.254657312332816722e-02 0.000000000000000000e+00 -1.395120589907605270e-02
-1.254657312332816722e-02 0.000000000000000000e+00 -1.395120589907605270e-02
-1.254657312332816722e-02 0.000000000000000000e+00 -1.395120589907605270e-02
-1.254657312332816722e-02 0.000000000000000000e+00 -1.395120589907605270e-02
-1.254657312332816722e-02 0.000000000000000000e+00 -1.395120589907605270e-02
-1.254657312332816722e-02 0.000000000000000000e+00 -1.395120589907605270e-02
-1.254657312332816722e-02 0.000000000000000000e+00 -1.395120589907605270e-02
-1.254657312332816722e-02 0.000000000000000000e+00 -1.395120589907605270e-02
-1.254657312332816722e-02 0.000000000000000000e+00 -1.395120589907605270e-02
-1.254657312332816722e-02 0.000000000000000000e+00 -1.395120589907605270e-02
-1.286748943626743642e-02 0.000000000000000000e+00 -1.481602063492063609e-02
-1.314857758575228679e-02 0.000000000000000000e+00 -1.569695433950711941e-02
-1.341590995922797673e-02 0.000000000000000000e+00 -1.662817009031073226e-02
-1.371112546057590836e-02 0.000000000000000000e+00 -1.774380941956882340e-02
-1.403314719395446983e-02 0.000000000000000000e+00 -1.899872235489220504e-02
-1.441477479400518277e-02 0.000000000000000000e+00 -2.045968035278154795e-02
-1.480132758793787848e-02 0.000000000000000000e+00 -2.207655640234802361e-02
-1.521984270040972753e-02 0.000000000000000000e+00 -2.391689567207242947e-02
-1.551302911759384721e-02 0.000000000000000000e+00 -2.575748230845770897e-02
-1.568072688828584665e-02 0.000000000000000000e+00 -2.759807932338308525e-02
-1.574791539235639859e-02 0.000000000000000000e+00 -2.948545860696517515e-02
-1.574664721393034816e-02 0.000000000000000000e+00 -3.149329442786069633e-02
-1.570838440637720851e-02 0.000000000000000000e+00 -3.214739134328358644e-02
-1.548488508373622487e-02 0.000000000000000000e+00 -3.406674718421969644e-02
-1.511487127113192094e-02 0.000000000000000000e+00 -3.594888302323267365e-02
-1.496301612391513769e-02 0.000000000000000000e+00 -3.657626163623699939e-02
-1.442942738301682820e-02 0.000000000000000000e+00 -3.847847302137821085e-02
-1.371090400579745919e-02 0.000000000000000000e+00 -4.021865175033921547e-02
-1.284169480572344875e-02 0.000000000000000000e+00 -4.185441270013568610e-02
-1.182970352534846482e-02 0.000000000000000000e+00 -4.337557959294437160e-02
-1.069060211839814242e-02 0.000000000000000000e+00 -4.479871363900173736e-02
-9.434516358205231532e-03 0.000000000000000000e+00 -4.612430219567002082e-02
-8.028468974373420899e-03 0.000000000000000000e+00 -4.710035131632407668e-02
-6.536234776649110616e-03 0.000000000000000000e+00 -4.793238836209347958e-02
-4.975514882378804897e-03 0.000000000000000000e+00 -4.864947884992609078e-02
-3.427037925964732806e-03 0.000000000000000000e+00 -4.909050528782903794e-02
-1.845358056545859859e-03 0.000000000000000000e+00 -4.940918123003106704e-02
-2.427422486269987373e-04 0.000000000000000000e+00 -4.967748343994313892e-02
-0.000000000000000000e+00 0.000000000000000000e+00 -4.971174285714285296e-02
2.430770565678141439e-04 0.000000000000000000e+00 -4.974600227434257393e-02
1.852586568910500556e-03 0.000000000000000000e+00 -4.960272354892205499e-02
3.435606206822418036e-03 0.000000000000000000e+00 -4.921324137824840267e-02
4.986616111958185917e-03 0.000000000000000000e+00 -4.875802420581337032e-02
6.545304695677456666e-03 0.000000000000000000e+00 -4.799890110163468337e-02
8.039025107821281407e-03 0.000000000000000000e+00 -4.716228063255152592e-02
9.423918058005428464e-03 0.000000000000000000e+00 -4.607248828358209009e-02
1.070842492679259170e-02 0.000000000000000000e+00 -4.487339969322609590e-02
1.185793972382811687e-02 0.000000000000000000e+00 -4.347911232070309634e-02
1.288547542339953111e-02 0.000000000000000000e+00 -4.199710508367254791e-02
1.377492295793758363e-02 0.000000000000000000e+00 -4.040644067661691707e-02
1.446219137313432823e-02 0.000000000000000000e+00 -3.856584366169154426e-02
1.502396453731343409e-02 0.000000000000000000e+00 -3.672524664676617145e-02
1.518333442514699372e-02 0.000000000000000000e+00 -3.611171430845771385e-02
1.542333054790665826e-02 0.000000000000000000e+00 -3.393132720539464992e-02
1.567119705306114358e-02 0.000000000000000000e+00 -3.207128699231117513e-02
1.575676516056083443e-02 0.000000000000000000e+00 -3.151353032112166885e-02
1.583329492298608115e-02 0.000000000000000000e+00 -2.964531815367606529e-02
1.571893356512890291e-02 0.000000000000000000e+00 -2.766532307462686580e-02
1.555357314077340618e-02 0.000000000000000000e+00 -2.582480068656716268e-02
1.526279009777408054e-02 0.000000000000000000e+00 -2.398438443935926867e-02
1.491803644422515403e-02 0.000000000000000000e+00 -2.225063062867480707e-02
1.451528284589449248e-02 0.000000000000000000e+00 -2.060233694255992482e-02
1.409409617049052141e-02 0.000000000000000000e+00 -1.908123789235639800e-02
1.371111805367103594e-02 0.000000000000000000e+00 -1.774379983416251791e-02
1.332694649141421932e-02 0.000000000000000000e+00 -1.651790551048522987e-02
1.315371314303760177e-02 0.000000000000000000e+00 -1.570308523904281189e-02
1.291690760269360340e-02 0.000000000000000000e+00 -1.487292222222222349e-02
1.255888892469471038e-02 0.000000000000000000e+00 -1.396490049751244154e-02
1.255888892469471038e-02 0.000000000000000000e+00 -1.396490049751244154e-02
1.255888892469471038e-02 0.000000000000000000e+00 -1.396490049751244154e-02
1.255888892469471038e-02 0.000000000000000000e+00 -1.396490049751244154e-02
1.255888892469471038e-02 0.000000000000000000e+00 -1.396490049751244154e-02
1.255888892469471038e-02 0.000000000000000000e+00 -1.396490049751244154e-02
1.255888892469471038e-02 0.000000000000000000e+00 -1.396490049751244154e-02
1.255888892469471038e-02 0.000000000000000000e+00 -1.396490049751244154e-02
1.255888892469471038e-02 0.000000000000000000e+00 -1.396490049751244154e-02
1.255888892469471038e-02 0.000000000000000000e+00 -1.396490049751244154e-02
1.255888892469471038e-02 0.000000000000000000e+00 -1.396490049751244154e-02
1.297724739273059189e-02 0.000000000000000000e+00 -1.504542317720291775e-02
1.317260850942333916e-02 0.000000000000000000e+00 -1.578166434384408248e-02
1.332694649141421932e-02 0.000000000000000000e+00 -1.651790551048522987e-02
1.371111805367103594e-02 0.000000000000000000e+00 -1.774379983416251791e-02
1.409409617049052141e-02 0.000000000000000000e+00 -1.908123789235639800e-02
1.451528284589449248e-02 0.000000000000000000e+00 -2.060233694255992482e-02
1.491803644422515403e-02 0.000000000000000000e+00 -2.225063062867480707e-02
1.526279009777408054e-02 0.000000000000000000e+00 -2.398438443935926867e-02
1.555357314077340618e-02 0.000000000000000000e+00 -2.582480068656716268e-02
1.571893356512890291e-02 0.000000000000000000e+00 -2.766532307462686580e-02
1.583329492298608115e-02 0.000000000000000000e+00 -2.964531815367606529e-02
1.575676516056083443e-02 0.000000000000000000e+00 -3.151353032112166885e-02
1.567119705306114358e-02 0.000000000000000000e+00 -3.207128699231117513e-02
1.542333054790665826e-02 0.000000000000000000e+00 -3.393132720539464992e-02
1.518333442514699372e-02 0.000000000000000000e+00 -3.611171430845771385e-02
1.502396453731343409e-02 0.000000000000000000e+00 -3.672524664676617145e-02
1.446219137313432823e-02 0.000000000000000000e+00 -3.856584366169154426e-02
1.377492295793758363e-02 0.000000000000000000e+00 -4.040644067661691707e-02
1.288547542339953111e-02 0.000000000000000000e+00 -4.199710508367254791e-02
1.185793972382811687e-02 0.000000000000000000e+00 -4.347911232070309634e-02
1.070842492679259170e-02 0.000000000000000000e+00 -4.487339969322609590e-02
9.423918058005428464e-03 0.000000000000000000e+00 -4.607248828358209009e-02
8.039025107821281407e-03 0.000000000000000000e+00 -4.716228063255152592e-02
6.545304695677456666e-03 0.000000000000000000e+00 -4.799890110163468337e-02
4.986616111958185917e-03 0.000000000000000000e+00 -4.875802420581337032e-02
3.435606206822418036e-03 0.000000000000000000e+00 -4.921324137824840267e-02
1.852586568910500556e-03 0.000000000000000000e+00 -4.960272354892205499e-02
2.430770565678141439e-04 0.000000000000000000e+00 -4.974600227434257393e-02
-0.000000000000000000e+00 0.000000000000000000e+00 -4.971174285714285296e-02
-2.427422486269987373e-04 0.000000000000000000e+00 -4.967748343994313892e-02
-1.845358056545859859e-03 0.000000000000000000e+00 -4.940918123003106704e-02
-3.427037925964732806e-03 0.000000000000000000e+00 -4.909050528782903794e-02
-4.975514882378804897e-03 0.000000000000000000e+00 -4.864947884992609078e-02
-6.536234776649110616e-03 0.000000000000000000e+00 -4.793238836209347958e-02
-8.028468974373420899e-03 0.000000000000000000e+00 -4.710035131632407668e-02
-9.434516358205231532e-03 0.000000000000000000e+00 -4.612430219567002082e-02
-1.069060211839814242e-02 0.000000000000000000e+00 -4.479871363900173736e-02
-1.182970352534846482e-02 0.000000000000000000e+00 -4.337557959294437160e-02
-1.284169480572344875e-02 0.000000000000000000e+00 -4.185441270013568610e-02
-1.371090400579745919e-02 0.000000000000000000e+00 -4.021865175033921547e-02
-1.442942738301682820e-02 0.000000000000000000e+00 -3.847847302137821085e-02
-1.496301612391513769e-02 0.000000000000000000e+00 -3.657626163623699939e-02
-1.511487127113192094e-02 0.000000000000000000e+00 -3.594888302323267365e-02
-1.548488508373622487e-02 0.000000000000000000e+00 -3.406674718421969644e-02
-1.570838440637720851e-02 0.000000000000000000e+00 -3.214739134328358644e-02
-1.574664721393034816e-02 0.000000000000000000e+00 -3.149329442786069633e-02
-1.574791539235639859e-02 0.000000000000000000e+00 -2.948545860696517515e-02
-1.568072688828584665e-02 0.000000000000000000e+00 -2.759807932338308525e-02
-1.551302911759384721e-02 0.000000000000000000e+00 -2.575748230845770897e-02
-1.521984270040972753e-02 0.000000000000000000e+00 -2.391689567207242947e-02
-1.480132758793787848e-02 0.000000000000000000e+00 -2.207655640234802361e-02
-1.441477479400518277e-02 0.000000000000000000e+00 -2.045968035278154795e-02
-1.403314719395446983e-02 0.000000000000000000e+00 -1.899872235489220504e-02
-1.371112546057590836e-02 0.000000000000000000e+00 -1.774380941956882340e-02
-1.341590995922797673e-02 0.000000000000000000e+00 -1.662817009031073226e-02
-1.317686033563089491e-02 0.000000000000000000e+00 -1.578675831547528968e-02
-1.292325108477812741e-02 0.000000000000000000e+00 -1.498282151149016653e-02
-1.264490070735809803e-02 0.000000000000000000e+00 -1.420140721393035529e-02
-1.264490070735809803e-02 0.000000000000000000e+00 -1.420140721393035529e-02
-1.264490070735809803e-02 0.000000000000000000e+00 -1.420140721393035529e-02
-1.264490070735809803e-02 0.000000000000000000e+00 -1.420140721393035529e-02
-1.264490070735809803e-02 0.000000000000000000e+00 -1.420140721393035529e-02
-1.264490070735809803e-02 0.000000000000000000e+00 -1.420140721393035529e-02
-1.264490070735809803e-02 0.000000000000000000e+00 -1.420140721393035529e-02
-1.264490070735809803e-02 0.000000000000000000e+00 -1.420140721393035529e-02
-1.264490070735809803e-02 0.000000000000000000e+00 -1.420140721393035529e-02
-1.264490070735809803e-02 0.000000000000000000e+00 -1.420140721393035529e-02
-1.264490070735809803e-02 0.000000000000000000e+00 -1.420140721393035529e-02
-1.292325108477812741e-02 0.000000000000000000e+00 -1.498282151149016653e-02
-1.317686033563089491e-02 0.000000000000000000e+00 -1.578675831547528968e-02
-1.341590995922797673e-02 0.000000000000000000e+00 -1.662817009031073226e-02
-1.371112546057590836e-02 0.000000000000000000e+00 -1.774380941956882340e-02
-1.403314719395446983e-02 0.000000000000000000e+00 -1.899872235489220504e-02
-1.441477479400518277e-02 0.000000000000000000e+00 -2.045968035278154795e-02
-1.480132758793787848e-02 0.000000000000000000e+00 -2.207655640234802361e-02
-1.521984270040972753e-02 0.000000000000000000e+00 -2.391689567207242947e-02
-1.551302911759384721e-02 0.000000000000000000e+00 -2.575748230845770897e-02
-1.568072688828584665e-02 0.000000000000000000e+00 -2.759807932338308525e-02
-1.574791539235639859e-02 0.000000000000000000e+00 -2.948545860696517515e-02
-1.574664721393034816e-02 0.000000000000000000e+00 -3.149329442786069633e-02
-1.570838440637720851e-02 0.000000000000000000e+00 -3.214739134328358644e-02
-1.548488508373622487e-02 0.000000000000000000e+00 -3.406674718421969644e-02
-1.511487127113192094e-02 0.000000000000000000e+00 -3.594888302323267365e-02
-1.496301612391513769e-02 0.000000000000000000e+00 -3.657626163623699939e-02
-1.442942738301682820e-02 0.000000000000000000e+00 -3.847847302137821085e-02
-1.371090400579745919e-02 0.000000000000000000e+00 -4.021865175033921547e-02
-1.284169480572344875e-02 0.000000000000000000e+00 -4.185441270013568610e-02
-1.182970352534846482e-02 0.000000000000000000e+00 -4.337557959294437160e-02
-1.069060211839814242e-02 0.000000000000000000e+00 -4.479871363900173736e-02
-9.434516358205231532e-03 0.000000000000000000e+00 -4.612430219567002082e-02
-8.028468974373420899e-03 0.000000000000000000e+00 -4.710035131632407668e-02
-6.536234776649110616e-03 0.000000000000000000e+00 -4.793238836209347958e-02
-4.975514882378804897e-03 0.000000000000000000e+00 -4.864947884992609078e-02
-3.427037925964732806e-03 0.000000000000000000e+00 -4.909050528782903794e-02
-1.845358056545859859e-03 0.000000000000000000e+00 -4.940918123003106704e-02
-2.427422486269987373e-04 0.000000000000000000e+00 -4.967748343994313892e-02
-0.000000000000000000e+00 0.000000000000000000e+00 -4.971174285714285296e-02
2.430770565678141439e-04 0.000000000000000000e+00 -4.974600227434257393e-02
1.852586568910500556e-03 0.000000000000000000e+00 -4.960272354892205499e-02
3.435606206822418036e-03 0.000000000000000000e+00 -4.921324137824840267e-02
4.986616111958185917e-03 0.000000000000000000e+00 -4.875802420581337032e-02
6.545304695677456666e-03 0.000000000000000000e+00 -4.799890110163468337e-02
8.039025107821281407e-03 0.000000000000000000e+00 -4.716228063255152592e-02
9.423918058005428464e-03 0.000000000000000000e+00 -4.607248828358209009e-02
1.070842492679259170e-02 0.000000000000000000e+00 -4.487339969322609590e-02
1.185793972382811687e-02 0.000000000000000000e+00 -4.347911232070309634e-02
1.288547542339953111e-02 0.000000000000000000e+00 -4.199710508367254791e-02
1.377492295793758363e-02 0.000000000000000000e+00 -4.040644067661691707e-02
1.446219137313432823e-02 0.000000000000000000e+00 -3.856584366169154426e-02
1.502396453731343409e-02 0.000000000000000000e+00 -3.672524664676617145e-02
1.518333442514699372e-02 0.000000000000000000e+00 -3.611171430845771385e-02
1.542333054790665826e-02 0.000000000000000000e+00 -3.393132720539464992e-02
1.567119705306114358e-02 0.000000000000000000e+00 -3.207128699231117513e-02
1.575676516056083443e-02 0.000000000000000000e+00 -3.151353032112166885e-02
1.583329492298608115e-02 0.000000000000000000e+00 -2.964531815367606529e-02
1.571893356512890291e-02 0.000000000000000000e+00 -2.766532307462686580e-02
1.555357314077340618e-02 0.000000000000000000e+00 -2.582480068656716268e-02
1.526279009777408054e-02 0.000000000000000000e+00 -2.398438443935926867e-02
1.491803644422515403e-02 0.000000000000000000e+00 -2.225063062867480707e-02
1.451528284589449248e-02 0.000000000000000000e+00 -2.060233694255992482e-02
1.409409617049052141e-02 0.000000000000000000e+00 -1.908123789235639800e-02
1.371111805367103594e-02 0.000000000000000000e+00 -1.774379983416251791e-02
1.332694649141421932e-02 0.000000000000000000e+00 -1.651790551048522987e-02
1.317260850942333916e-02 0.000000000000000000e+00 -1.578166434384408248e-02
1.297724739273059189e-02 0.000000000000000000e+00 -1.504542317720291775e-02
1.266822458722722047e-02 0.000000000000000000e+00 -1.422760211442786887e-02
1.266822458722722047e-02 0.000000000000000000e+00 -1.422760211442786887e-02
1.266822458722722047e-02 0.000000000000000000e+00 -1.422760211442786887e-02
1.266822458722722047e-02 0.000000000000000000e+00 -1.422760211442786887e-02
1.266822458722722047e-02 0.000000000000000000e+00 -1.422760211442786887e-02
1.266822458722722047e-02 0.000000000000000000e+00 -1.422760211442786887e-02
1.266822458722722047e-02 0.000000000000000000e+00 -1.422760211442786887e-02
1.266822458722722047e-02 0.000000000000000000e+00 -1.422760211442786887e-02
1.266822458722722047e-02 0.000000000000000000e+00 -1.422760211442786887e-02
1.266822458722722047e-02 0.000000000000000000e+00 -1.422760211442786887e-02
1.266822458722722047e-02 0.000000000000000000e+00 -1.422760211442786887e-02
1.302239301065221191e-02 0.000000000000000000e+00 -1.520258138680544678e-02
1.319103656825400782e-02 0.000000000000000000e+00 -1.586024344864535654e-02
1.332694649141421932e-02 0.000000000000000000e+00 -1.651790551048522987e-02
1.371111805367103594e-02 0.000000000000000000e+00 -1.774379983416251791e-02
1.409409617049052141e-02 0.000000000000000000e+00 -1.908123789235639800e-02
1.451528284589449248e-02 0.000000000000000000e+00 -2.060233694255992482e-02
1.491803644422515403e-02 0.000000000000000000e+00 -2.225063062867480707e-02
1.526279009777408054e-02 0.000000000000000000e+00 -2.398438443935926867e-02
1.555357314077340618e-02 0.000000000000000000e+00 -2.582480068656716268e-02
1.571893356512890291e-02 0.000000000000000000e+00 -2.766532307462686580e-02
1.583329492298608115e-02 0.000000000000000000e+00 -2.964531815367606529e-02
1.575676516056083443e-02 0.000000000000000000e+00 -3.151353032112166885e-02
1.567119705306114358e-02 0.000000000000000000e+00 -3.207128699231117513e-02
1.542333054790665826e-02 0.000000000000000000e+00 -3.393132720539464992e-02
1.518333442514699372e-02 0.000000000000000000e+00 -3.611171430845771385e-02
1.502396453731343409e-02 0.000000000000000000e+00 -3.672524664676617145e-02
1.446219137313432823e-02 0.000000000000000000e+00 -3.856584366169154426e-02
1.377492295793758363e-02 0.000000000000000000e+00 -4.040644067661691707e-02
1.288547542339953111e-02 0.000000000000000000e+00 -4.199710508367254791e-02
1.185793972382811687e-02 0.000000000000000000e+00 -4.347911232070309634e-02
1.070842492679259170e-02 0.000000000000000000e+00 -4.487339969322609590e-02
9.423918058005428464e-03 0.000000000000000000e+00 -4.607248828358209009e-02
8.039025107821281407e-03 0.000000000000000000e+00 -4.716228063255152592e-02
6.545304695677456666e-03 0.000000000000000000e+00 -4.799890110163468337e-02
4.986616111958185917e-03 0.000000000000000000e+00 -4.875802420581337032e-02
3.435606206822418036e-03 0.000000000000000000e+00 -4.921324137824840267e-02
1.852586568910500556e-03 0.000000000000000000e+00 -4.960272354892205499e-02
2.430770565678141439e-04 0.000000000000000000e+00 -4.974600227434257393e-02
-0.000000000000000000e+00 0.000000000000000000e+00 -4.971174285714285296e-02
-2.427422486269987373e-04 0.000000000000000000e+00 -4.967748343994313892e-02
-1.845358056545859859e-03 0.000000000000000000e+00 -4.940918123003106704e-02
-3.427037925964732806e-03 0.000000000000000000e+00 -4.909050528782903794e-02
-4.975514882378804897e-03 0.000000000000000000e+00 -4.864947884992609078e-02
-6.536234776649110616e-03 0.000000000000000000e+00 -4.793238836209347958e-02
-8.028468974373420899e-03 0.000000000000000000e+00 -4.710035131632407668e-02
-9.434516358205231532e-03 0.000000000000000000e+00 -4.612430219567002082e-02
-1.069060211839814242e-02 0.000000000000000000e+00 -4.479871363900173736e-02
-1.182970352534846482e-02 0.000000000000000000e+00 -4.337557959294437160e-02
-1.284169480572344875e-02 0.000000000000000000e+00 -4.185441270013568610e-02
-1.371090400579745919e-02 0.000000000000000000e+00 -4.021865175033921547e-02
-1.442942738301682820e-02 0.000000000000000000e+00 -3.847847302137821085e-02
-1.496301612391513769e-02 0.000000000000000000e+00 -3.657626163623699939e-02
-1.511487127113192094e-02 0.000000000000000000e+00 -3.594888302323267365e-02
-1.548488508373622487e-02 0.000000000000000000e+00 -3.406674718421969644e-02
-1.570838440637720851e-02 0.000000000000000000e+00 -3.214739134328358644e-02
-1.574664721393034816e-02 0.000000000000000000e+00 -3.149329442786069633e-02
-1.574791539235639859e-02 0.000000000000000000e+00 -2.948545860696517515e-02
-1.568072688828584665e-02 0.000000000000000000e+00 -2.759807932338308525e-02
-1.551302911759384721e-02 0.000000000000000000e+00 -2.575748230845770897e-02
-1.521984270040972753e-02 0.000000000000000000e+00 -2.391689567207242947e-02
-1.480132758793787848e-02 0.000000000000000000e+00 -2.207655640234802361e-02
-1.441477479400518277e-02 0.000000000000000000e+00 -2.045968035278154795e-02
-1.403314719395446983e-02 0.000000000000000000e+00 -1.899872235489220504e-02
-1.371112546057590836e-02 0.000000000000000000e+00 -1.774380941956882340e-02
-1.341590995922797673e-02 0.000000000000000000e+00 -1.662817009031073226e-02
-1.320460902398574825e-02 0.000000000000000000e+00 -1.587656229144345996e-02
-1.297702881377204784e-02 0.000000000000000000e+00 -1.514962238805969870e-02
-1.273876447247528944e-02 0.000000000000000000e+00 -1.445160852878465962e-02
-1.273876447247528944e-02 0.000000000000000000e+00 -1.445160852878465962e-02
-1.273876447247528944e-02 0.000000000000000000e+00 -1.445160852878465962e-02
-1.273876447247528944e-02 0.000000000000000000e+00 -1.445160852878465962e-02
-1.273876447247528944e-02 0.000000000000000000e+00 -1.445160852878465962e-02
-1.273876447247528944e-02 0.000000000000000000e+00 -1.445160852878465962e-02
-1.273876447247528944e-02 0.000000000000000000e+00 -1.445160852878465962e-02
-1.273876447247528944e-02 0.000000000000000000e+00 -1.445160852878465962e-02
-1.273876447247528944e-02 0.000000000000000000e+00 -1.445160852878465962e-02
-1.273876447247528944e-02 0.000000000000000000e+00 -1.445160852878465962e-02
-1.273876447247528944e-02 0.000000000000000000e+00 -1.445160852878465962e-02
-1.297702881377204784e-02 0.000000000000000000e+00 -1.514962238805969870e-02
-1.320460902398574825e-02 0.000000000000000000e+00 -1.587656229144345996e-02
-1.341590995922797673e-02 0.000000000000000000e+00 -1.662817009031073226e-02
-1.371112546057590836e-02 0.000000000000000000e+00 -1.774380941956882340e-02
-1.403314719395446983e-02 0.000000000000000000e+00 -1.899872235489220504e-02
-1.441477479400518277e-02 0.000000000000000000e+00 -2.045968035278154795e-02
-1.480132758793787848e-02 0.000000000000000000e+00 -2.207655640234802361e-02
-1.521984270040972753e-02 0.000000000000000000e+00 -2.391689567207242947e-02
-1.551302911759384721e-02 0.000000000000000000e+00 -2.575748230845770897e-02
-1.568072688828584665e-02 0.000000000000000000e+00 -2.759807932338308525e-02
-1.574791539235639859e-02 0.000000000000000000e+00 -2.948545860696517515e-02
-1.574664721393034816e-02 0.000000000000000000e+00 -3.149329442786069633e-02
-1.570838440637720851e-02 0.000000000000000000e+00 -3.214739134328358644e-02
-1.548488508373622487e-02 0.000000000000000000e+00 -3.406674718421969644e-02
-1.511487127113192094e-02 0.000000000000000000e+00 -3.594888302323267365e-02
-1.496301612391513769e-02 0.000000000000000000e+00 -3.657626163623699939e-02
-1.442942738301682820e-02 0.000000000000000000e+00 -3.847847302137821085e-02
-1.371090400579745919e-02 0.000000000000000000e+00 -4.021865175033921547e-02
-1.284169480572344875e-02 0.000000000000000000e+00 -4.185441270013568610e-02
-1.182970352534846482e-02 0.000000000000000000e+00 -4.337557959294437160e-02
-1.069060211839814242e-02 0.000000000000000000e+00 -4.479871363900173736e-02
-9.434516358205231532e-03 0.000000000000000000e+00 -4.612430219567002082e-02
-8.028468974373420899e-03 0.000000000000000000e+00 -4.710035131632407668e-02
-6.536234776649110616e-03 0.000000000000000000e+00 -4.793238836209347958e-02
-4.975514882378804897e-03 0.000000000000000000e+00 -4.864947884992609078e-02
-3.427037925964732806e-03 0.000000000000000000e+00 -4.909050528782903794e-02
-1.845358056545859859e-03 0.000000000000000000e+00 -4.940918123003106704e-02
-2.427422486269987373e-04 0.000000000000000000e+00 -4.967748343994313892e-02
-0.000000000000000000e+00 0.000000000000000000e+00 -4.971174285714285296e-02
2.430770565678141439e-04 0.000000000000000000e+00 -4.974600227434257393e-02
1.852586568910500556e-03 0.000000000000000000e+00 -4.960272354892205499e-02
3.435606206822418036e-03 0.000000000000000000e+00 -4.921324137824840267e-02
4.986616111958185917e-03 0.000000000000000000e+00 -4.875802420581337032e-02
6.545304695677456666e-03 0.000000000000000000e+00 -4.799890110163468337e-02
8.039025107821281407e-03 0.000000000000000000e+00 -4.716228063255152592e-02
9.423918058005428464e-03 0.000000000000000000e+00 -4.607248828358209009e-02
1.070842492679259170e-02 0.000000000000000000e+00 -4.487339969322609590e-02
1.185793972382811687e-02 0.000000000000000000e+00 -4.347911232070309634e-02
1.288547542339953111e-02 0.000000000000000000e+00 -4.199710508367254791e-02
1.377492295793758363e-02 0.000000000000000000e+00 -4.040644067661691707e-02
1.446219137313432823e-02 0.000000000000000000e+00 -3.856584366169154426e-02
1.502396453731343409e-02 0.000000000000000000e+00 -3.672524664676617145e-02
1.518333442514699372e-02 0.000000000000000000e+00 -3.611171430845771385e-02
1.542333054790665826e-02 0.000000000000000000e+00 -3.393132720539464992e-02
1.567119705306114358e-02 0.000000000000000000e+00 -3.207128699231117513e-02
1.575676516056083443e-02 0.000000000000000000e+00 -3.151353032112166885e-02
1.583329492298608115e-02 0.000000000000000000e+00 -2.964531815367606529e-02
1.571893356512890291e-02 0.000000000000000000e+00 -2.766532307462686580e-02
1.555357314077340618e-02 0.000000000000000000e+00 -2.582480068656716268e-02
1.526279009777408054e-02 0.000000000000000000e+00 -2.398438443935926867e-02
1.491803644422515403e-02 0.000000000000000000e+00 -2.225063062867480707e-02
1.451528284589449248e-02 0.000000000000000000e+00 -2.060233694255992482e-02
1.409409617049052141e-02 0.000000000000000000e+00 -1.908123789235639800e-02
1.371111805367103594e-02 0.000000000000000000e+00 -1.774379983416251791e-02
1.332694649141421932e-02 0.000000000000000000e+00 -1.651790551048522987e-02
1.319103656825400782e-02 0.000000000000000000e+00 -1.586024344864535654e-02
1.302239301065221191e-02 0.000000000000000000e+00 -1.520258138680544678e-02
1.277287341409430628e-02 0.000000000000000000e+00 -1.449030373134329620e-02
1.277287341409430628e-02 0.000000000000000000e+00 -1.449030373134329620e-02
1.277287341409430628e-02 0.000000000000000000e+00 -1.449030373134329620e-02
1.277287341409430628e-02 0.000000000000000000e+00 -1.449030373134329620e-02
1.277287341409430628e-02 0.000000000000000000e+00 -1.449030373134329620e-02
1.277287341409430628e-02 0.000000000000000000e+00 -1.449030373134329620e-02
1.277287341409430628e-02 0.000000000000000000e+00 -1.449030373134329620e-02
1.277287341409430628e-02 0.000000000000000000e+00 -1.449030373134329620e-02
1.277287341409430628e-02 0.000000000000000000e+00 -1.449030373134329620e-02
1.277287341409430628e-02 0.000000000000000000e+00 -1.449030373134329620e-02
1.277287341409430628e-02 0.000000000000000000e+00 -1.449030373134329620e-02
